Calibration error (pixels) : 
1.38071355544

Intrisic Matrix : 
[[ 6945.64     0.     469.1 ]
 [    0.    6913.72   730.33]
 [    0.       0.       1.  ]]

Distorsion coefficients :
[[ -0.7 ]
 [  8.3 ]
 [  0.01]
 [  0.01]
 [-82.13]]

Rotations :
[array([-0.14, -0.23,  0.09]), array([-0.19, -0.2 ,  0.04]), array([-0.15, -0.28,  0.08]), array([-0.1 , -0.42,  0.11]), array([ 0.53, -0.14,  0.07]), array([ 0.57, -0.16,  0.14]), array([ 0.13, -0.79,  0.09]), array([-0.01,  0.52,  0.12]), array([ 0.37,  0.  ,  0.24]), array([-0.71, -0.14,  0.05]), array([-0.12, -0.53,  0.12]), array([ 0.24, -0.05,  0.02]), array([ 0.61, -0.43, -0.1 ]), array([-0.5 , -0.18, -0.06]), array([ 0.09,  0.01, -0.01]), array([ 0.07, -0.67, -0.12]), array([-0.16, -0.04,  0.04]), array([-0.7 ,  0.13, -0.02])]

Translations :
[array([ 0.1 , -0.07,  1.23]), array([ 0.05, -0.07,  1.22]), array([ 0.02, -0.07,  1.21]), array([-0.02, -0.08,  1.29]), array([ 0.01, -0.09,  1.28]), array([ 0.07, -0.1 ,  1.25]), array([-0.02, -0.06,  1.22]), array([ 0.12, -0.06,  1.4 ]), array([ 0.  , -0.09,  1.3 ]), array([ 0.01, -0.01,  1.33]), array([-0.03, -0.07,  1.26]), array([ 0.06, -0.07,  1.54]), array([ 0.01, -0.06,  1.33]), array([ 0.01, -0.02,  1.45]), array([ 0.08, -0.07,  1.59]), array([ 0.03, -0.04,  1.46]), array([ 0.1 , -0.09,  1.4 ]), array([ 0.02, -0.02,  1.5 ])]

